0
34
48
788
799
813
842
881
886
887
897
928
934
939
1052
1090
1091
1172
1284
1344
1345
1354
1357
1601
1615
1623
1628
1710
1717
1728
1734
1745
1767
1815
1895
1904
2153
2214
2322
2461
2482
2497
2500
2541
2927
2945
2947
3019
3036
3047
3095
3122
3127
3191
3232
3410
3441
3460
3544
4305
4306
4435
4444
4455
4471
4487
4510
4537
4542
4614
4634
4638
4700
4783
4787
4810
4817
4972
4982
4988
5162
5186
5194
5223
5225
5426
5759
5770
5775
5776
5788
5793
5796
5834
5902
5921
5977
5979
5997
6668
6724
6732
6786
6805
6811
6852
6891
6893
6910
6979
7010
7023
7041
7086
7102
7150
7220
7231
7269
7274
7303
7429
7452
7458
7470
7485
7580
7644
7654
7671
7779
7792
7799
7823
7919
8108
8134
8202
8221
8248
8265
8408
8424
8463
8698
8701
8724
8824
8827
8834
8837
8882
8946
8990
8994
9067
9092
9102
9108
9288
9308
9459
9489
9492
9581
9679
9695
9703
9710
9716
9905
9949
10014
10018
10023
10044
10048
10138
10176
10179
10225
10247
10298
10316
10346
10362
10385
10419
10446
10468
10480
10548
10564
10579
10798
10817
10846
10883
10962
11008
11178
11191
11200
11280
11304
11529
11591
11632
11651
11786
11816
11824
11847
11959
11997
12013
12022
12034
12146
12169
12279
12295
12412
12500
12609
12812
12881
12890
12893
12955
12958
12973
13030
13043
13063
13078
13128
13132
13134
13150
13163
13203
13422
13501
13508
13543
13609
13634
13690
13727
13738
13761
13833
13876
13887
13914
13917
13938
13978
14020
14025
14031
14044
14061
14071
14412
14439
14538
14562
14638
14667
14708
14805
14877
15106
15125
15177
15239
15250
15283
15431
15459
15590
15596
15618
15652
15781
15877
15984
16016
16032
16082
16090
16144
16193
16230
16414
16504
16513
16531
16543
16565
16686
16794
16809
17099
17106
17136
17157
17166
17208
17261
17339
17366
17427
17438
17445
17505
17513
17527
17648
17709
17727
17753
17784
17820
17935
18000
18049
18098
18108
18133
18260
18267
18313
18322
18366
18415
18763
18764
18782
18793
18819
18844
18920
18951
18973
18994
19021
19115
19192
19236
19237
19288
19291
19365
19375
19377
19418
19420
19430
19699
19724
19894
19971
20005
20097
20136
20158
20167
20205
20369
20407
20439
20484
20550
20602
20640
20686
20693
20746
20761
20772
20835
20863
21213
21272
21582
21626
21655
21723
21805
21868
21880
21898
21919
21958
21971
22054
22073
22081
22101
22424
22505
22563
22574
22609
22639
22722
22783
22807
22810
22915
22924
22929
23017
23071
23074
23116
23137
23197
23253
23283
23341
23560
23581
23625
23744
23761
23837
23857
23886
23914
23942
23978
24019
24021
24031
24093
24209
24254
24372
24479
24637
24672
24696
24732
24782
24831
24860
24884
24888
24893
24896
24903
25003
25068
25238
25457
25561
25690
25918
26177
26205
26233
26261
26300
26322
26353
26382
26413
26447
26452
26458
26464
26477
26488
26533
26576
26636
26685
26739
26796
26835
26850
26871
26900
26930
26982
27003
27200
27366
27615
27627
27654
27706
27722
27864
27982
28079
28175
28241
28341
28425
28503
28580
28595
28613
28628
28643
28660
28680
28695
28713
28727
28743
28759
28775
28867
28919
28971
29023
29050
29077
29188
29365
29424
29666
29725
29790
29823
29865
29946
30048
30131
30147
30195
30288
30459
30481
30485
30512
30514
30586
30608
30620
30624
30645
30910
30912
30973
30982
31124
31235
31277
31301
31335
31349
31366
31372
31381
31678
31782
31796
31808
31831
31963
32093
32118
32134
32170
32233
32325
32361
32576
32672
32792
33488
33498
33525
33530
33544
33565
33588
33613
33759
33796
33798
33835
33838
33893
33937
33940
33971
34004
34019
34024
34126
34148
34161
34182
34282
34396
34411
34414
34419
34435
34503
34633
34689
34726
34814
34859
34907
34964
35013
35074
35126
35169
35188
35234
35350
35428
35440
35485
35603
35609
35657
35771
35775
35804
35826
35859
35885
35965
36032
36038
36097
36176
36184
36185
36319
36402
36521
36589
36628
36645
36650
36660
36662
36671
36710
36720
36730
36758
36800
36808
36900
36952
36961
36967
37129
37153
37169
37208
37252
37283
37284
37338
37351
37370
37383
37399
37529
37569
37695
37797
37956
38008
38020
38258
38298
38539
38542
38596
38606
38755
38841
38844
38919
38987
39003
39010
39052
39093
39100
39115
39161
39290
39327
39334
39356
39387
39477
39481
39520
39535
39558
39559
39595
39612
39613
39664
39675
39714
39716
39858
39950
39951
39996
40034
40068
40122
40144
40161
40234
40438
40662
40760
40765
40766
40833
40872
40956
41041
41048
41089
41104
41124
41125
41138
41150
41179
41181
41183
41204
41218
41271
41287
41292
41323
41325
41348
41390
41392
41415
41418
41661
41669
41698
41772
41826
41935
41998
42142
42154
42176
42183
42228
42291
42322
42334
42411
42438
42483
42499
42521
42527
42546
42558
42650
42675
42678
42699
42700
42703
42759
42777
42788
42830
42831
42883
42994
42997
43033
43060
43064
43065
43074
43077
43087
43115
43134
43152
43153
43158
43170
43176
43185
43190
43191
43228
43241
43243
43268
43270
43271
43274
43277
43299
43307
43325
43327
43334
43348
43366
43392
43396
43409
43412
43523
43536
43564
43596
43642
43778
43789
43806
43837
43842
43844
43854
43893
43926
43951
43955
43957
43958
43987
44023
44054
44079
44110
44144
44148
44152
44193
44210
44212
44213
44214
44306
44320
44330
44334
44341
44353
44361
44404
44413
44425
44429
44456
44618
44626
44634
44635
44784
44804
44863
44899
44904
44919
44951
45065
45090
45091
45119
45126
45137
45175
45183
45189
45206
45224
45237
45243
45244
45252
45255
45260
45272
45281
45282
45289
45291
45298
45301
45317
45359
45388
45458
45468
45472
45505
45507
45529
45545
45548
45587
45601
45604
45634
45658
45675
45720
45743
45770
45809
45811
45849
45883
45892
45897
45904
45907
45913
45917
45918
45947
45953
45998
46009
46028
46049
46182
46186
46190
46204
46248
46259
46277
46320
46328
46329
46362
46363
46401
46425
46429
46471
46472
46503
46551
46555
46556
46566
46666
46733
46749
46750
46828
46903
46957
47022
47033
47034
47035
47060
47062
47106
47112
47137
47139
47162
47165
47178
47189
47258
47281
47298
47300
47307
47312
47400
47445
47474
47527
47541
47548
47567
47572
47579
47709
47788
47806
47866
47875
47908
47909
47948
47955
47959
48020
48025
48038
48311
48333
48394
48409
48412
48417
48423
48447
48479
48486
48487
48490
48535
48555
48559
48578
48593
48600
48602
48606
48610
48624
48643
48652
48664
48715
48736
48765
48778
48788
48802
48833
48916
48992
48994
49041
49085
49088
49098
49101
49109
49112
49156
49167
49195
49199
49239
49251
49261
49277
49287
49326
49339
49379
49382
49388
49422
49440
49497
49499
49517
49526
49528
49548
49549
49693
49694
49712
49761
49765
49786
49794
49815
49819
49831
49844
49848
49857
49879
49910
49930
49946
49964
49974
50009
50018
50031
50151
50169
50177
50214
50259
50266
50269
50275
50324
50426
50440
50540
50569
50572
50586
50595
50620
50624
50634
50677
50694
50711
50722
50734
50758
50776
50784
50786
50791
50792
50800
50802
50829
50832
50919
51089
51210
51223
51226
51231
51307
51393
51414
51427
51478
51496
51510
51517
51518
51607
51624
51643
51644
51684
51685
51737
51750
51813
51841
51845
51876
51877
51951
52001
52013
52018
52041
52046
52069
52089
52124
52205
52210
52302
52343
52369
52373
52383
52396
52493
52509
52544
52559
52574
52593
52626
52663
52671
52719
52734
52750
52754
52761
52772
52780
52787
52819
52849
52857
52861
52873
52897
52898
52987
53007
53027
53035
53040
53063
53073
53100
53119
53140
53167
53271
53273
53283
53308
53342
53347
53354
53363
53364
53374
53379
53409
53417