4
2
51
1
3
2
2
1
1
1
1
1
2
3
3
1
2
27
10
1
1
1
23
2
1
1
4
2
2
2
1
4
4
5
2
34
11
14
13
1
1
2
1
1
3
1
8
2
3
6
6
1
2
9
15
2
1
4
13
1
8
1
1
2
3
8
1
1
7
1
3
6
2
1
6
1
14
2
1
25
2
1
3
1
12
2
3
1
1
2
1
1
3
8
1
2
1
3
9
1
4
17
4
1
1
1
1
1
12
1
5
1
1
4
4
10
1
6
1
4
4
1
1
1
2
12
10
3
14
3
2
1
4
3
36
3
3
2
12
5
18
3
3
3
1
1
7
3
2
1
2
5
16
1
1
2
1
2
9
2
7
8
1
12
6
2
3
2
2
9
3
1
1
3
4
1
9
6
1
7
4
5
1
1
3
2
9
6
2
2
6
4
2
10
1
2
6
18
15
34
1
1
33
7
24
3
4
5
4
3
2
1
1
1
5
3
3
23
1
9
1
3
3
1
10
3
5
1
5
2
4
19
3
2
3
25
1
1
1
1
9
27
3
4
2
9
8
14
4
1
2
10
4
1
17
3
4
6
4
4
1
1
1
7
16
3
2
4
4
8
9
5
23
11
3
14
4
1
2
40
3
25
2
4
12
7
16
19
12
8
9
1
2
11
11
1
5
4
1
5
1
21
2
2
35
2
3
16
1
9
4
2
3
10
3
1
2
1
4
11
4
3
1
1
1
6
21
1
8
3
1
33
4
5
2
5
2
8
1
1
2
3
8
6
1
4
2
12
6
16
6
1
3
1
11
2
1
3
2
2
5
2
2
1
3
1
2
2
2
1
21
2
1
9
26
8
3
2
2
6
5
1
2
11
34
8
37
1
2
19
12
22
5
1
6
3
2
6
8
4
3
22
12
8
1
4
9
16
11
2
2
21
1
1
8
8
1
2
2
9
5
3
12
3
1
2
23
2
12
10
1
1
1
3
12
1
1
1
10
3
2
15
6
6
4
5
12
11
1
1
1
1
1
1
12
1
40
36
2
2
33
38
3
3
3
2
5
12
12
12
11
4
1
1
1
1
2
2
25
11
18
21
1
1
8
9
10
19
3
36
2
48
2
3
4
1
3
7
18
19
2
1
20
2
2
7
7
7
7
7
4
4
4
3
1
1
1
1
4
4
4
3
3
1
4
6
5
20
19
9
3
7
35
2
2
5
4
8
6
1
2
1
16
1
3
2
2
38
1
16
1
8
2
11
6
3
5
4
3
1
1
16
2
1
2
5
25
3
1
8
9
15
3
2
14
15
41
1
7
1
5
13
1
1
40
6
1
3
1
6
13
1
2
3
5
1
9
2
9
1
31
20
2
3
2
2
9
15
9
12
8
2
6
3
15
5
7
1
1
3
42
9
3
6
5
2
1
8
1
3
4
2
7
10
4
2
16
18
2
1
11
8
13
9
1
3
1
4
1
1
2
1
5
13
10
1
18
2
1
1
27
1
1
4
5
4
1
5
2
2
1
3
18
8
3
1
23
2
7
27
4
20
1
2
4
13
2
1
4
43
1
1
2
2
5
2
2
11
15
1
1
3
16
2
14
1
7
1
3
1
1
5
4
3
1
19
25
1
3
3
3
8
6
5
15
9
22
4
1
1
13
12
6
18
1
2
1
6
1
4
1
3
2
2
1
2
12
3
1
7
1
1
1
1
1
1
24
1
5
4
9
11
7
18
1
3
1
2
19
14
1
5
6
5
2
7
1
1
1
5
5
1
5
1
1
18
1
1
2
1
6
2
3
2
8
3
1
1
1
5
1
14
1
1
1
6
3
1
1
1
6
2
1
1
1
1
1
3
4
5
13
1
1
2
1
9
2
1
1
2
1
9
14
2
14
3
4
10
1
1
4
3
6
2
1
2
1
1
3
2
6
1
11
2
1
10
1
2
1
1
17
4
2
4
1
11
4
1
1
6
3
1
2
4
1
1
3
5
13
1
1
2
8
1
1
1
3
2
1
6
2
5
9
1
3
1
1
5
3
1
3
1
1
1
1
1
1
5
2
7
1
4
2
6
2
5
4
1
1
1
1
2
5
3
8
13
1
5
1
7
3
2
1
5
1
1
1
1
1
2
15
1
4
3
16
1
1
2
4
1
2
2
2
1
1
1
13
2
1
11
1
6
3
1
1
5
16
17
8
1
3
19
3
11
1
1
1
10
1
4
2
11
1
1
1
2
7
14
4
8
2
1
5
14
7
3
3
1
2
1
5
1
1
10
1
8
2
2
1
1
1
1
7
4
4
5
1
4
1
2
3
3
1
4
2
1
3
9
3
1
4
2
2
1
2
2
3
4
4
1
1
6
6
5
1
4
9
14
2
2
1
9
1
2
1
3
1
1
3
4
3
5
1
1
1
1
3
3
1
3
1
4
3
3
1
4
1
1
3
1
12
1
1
1
1
4
1
2
1
3
2
1
1
7
2
2
1
1
1
3
1
4
12
1
1
2
4
1
1
1
2
7
4
5
10
2
1
2
1
1
1
1
2
9
1
2
3
1
1
2
3
1
2
1
1
1
1
1
29
1
1
1
4
7
4
2
1
3
1
1
1
5
2
3
1
2
1
10
4
21
2
2
2
1
6
1
4
1
1
1
2
4
6
14
2
13
3
3
3
3
1
4
2
6
2
1
5
4
1
2
1
2
2
1
1
7
2
3
3
5
1
1
3
1
1
7
1
2
1
1
1
5
3
2
1
1
1
2
2
5
4
2
1
1
1
1
1
2
3